6.22207 1.47343e-05
2.79364
2.94098
3.08832
3.23566
3.38301
3.53035
3.67769
3.82503
1
1
1
1
1
1
1
1
1
1
1
1
1
1.11783
1.26517
1.41252
1.55986
1.7072
2.91545
2.76811
2.62077
2.47343
2.32608
2.17874
2.0314
1.88406
1.73671
1.58937
1.44203
1.29469
1.14734
1
1
1
1
1
1
1
1
1
1
1
1
1
1
1.0628
1.21014
1.35748
1.50483
1.65217
1.79951
1.94685
2.0942
2.24154
2.38888
2.53622
2.68357
2.83091
2.97825
3.12559
3.27294
1.34972
1.20238
1.05503
1
1
1
1
1
1
1
1
1
1
1
1
1
1.00776
1.1551
1.30245
1.44979
1.59713
1.74448
2.86818
2.72084
2.5735
2.42615
2.27881
2.13147
1.98413
1.83678
1.68944
1.5421
1.39476
1.24741
1.10007
1
1
1
1
1
4.98601
4.83867
4.69133
4.54399
4.39664
4.2493
4.10196
3.95462
3.80727
3.65993
3.51259
3.36524
3.2179
3.07056
2.92322
2.77587
2.62853
2.48119
2.33385
2.1865
2.03916
1.89182
1.74448
1.59713
1.44979
1.30245
1.1551
1.00776
1
1
1
1
1
1
1
1
1
1
1
1
1
1.05503
1.20238
1.34972
1.49706
1.64441
1.79175
1.93909
2.08643
2.23378
2.38112
2.52846
2.6758
2.82315
2.97049
3.11783
3.26517
3.41252
1.21014
1.0628
1
1
1
1
1
1
1
1
1
1
1
1
1
1
1.14734
1.29469
1.44203
1.58937
1.73671
1.88406
2.0314
2.17874
2.32608
2.47343
2.62077
2.76811
1.85455
1.7072
1.55986
1.41252
1.26517
