6.79335 1.6457e-05
3.11172
1.49371
1.32914
1.16457
1
1
1
1
1
1
1
1
1
1
1
1
1
1.13941
1.30398
1.46855
1.63312
1.79769
1.96226
2.12683
2.2914
2.45597
2.62054
1.98489
1.82032
1.65575
1.49118
1.32661
1.16204
1
1
1
1
1
1
1
1
1
1
1
1
1
1.14194
3.45349
3.28892
3.12435
2.95978
2.79522
2.63065
2.46608
2.30151
2.13694
1.97237
1.8078
1.64323
1.47866
1.31409
1.14952
1
1
1
1
1
1
1
1
1
1
1
1
1
1.15446
1.31903
1.4836
1.64817
1.81274
1.97731
2.14188
2.30645
2.47102
2.63559
2.80016
2.96473
3.1293
3.29387
3.45844
3.62301
3.78758
3.95215
4.11672
1
1
1
1
1
1
1
1
1
1
1.15699
1.32156
3.28387
3.1193
2.95473
2.79016
2.62559
2.46102
2.29645
2.13188
1.96731
1.80274
1.63817
1.4736
1.30903
1.14446
1
1
1
1
1
1
1
1
1
1
1
1
1
1.15952
1.32409
1.48866
1.65323
1.8178
1.98237
2.14694
2.31151
2.47608
2.64065
2.80522
2.96978
1.63565
1.47108
1.30651
1.14194
1
1
1
1
1
1
1
1
1
1
1
1
1
1.16204
1.32661
1.49118
1.65575
1.82032
1.98489
2.14946
2.45597
2.2914
2.12683
1.96226
1.79769
1.63312
1.46855
1.30398
1.13941
1
1
1
1
1
1
1
1
1
1
1
1
1
1.16457
1.32914
1.49371
1.65828
2.94715
2.78258
2.61801
2.45344
2.28887
